-0.590916 -0.249054 0.745449 -0.333409 1.43789 -0.650485 -1.11605 -0.555215
-0.555302 -0.267018 0.785519 -0.335175 1.44724 -0.79075 -1.08721 -0.477814
-0.59432 -0.231188 0.676194 -0.335104 1.44486 -0.587807 -1.17202 -0.57907
-0.629837 -0.27291 0.623945 -0.369627 1.32786 -0.622571 -1.16773 -0.783256
-0.561893 -0.241318 0.740945 -0.3202 1.43394 -0.685525 -1.15495 -0.516666
-0.585804 -0.270507 0.650791 -0.390795 1.43205 -0.623761 -1.07114 -0.608542
-0.609772 -0.293151 0.631525 -0.41685 1.32935 -0.607501 -1.06544 -0.687081
-0.586057 -0.288963 0.819115 -0.375037 1.32409 -0.901427 -0.979405 -0.54503
-0.642512 -0.249025 0.570923 -0.488613 1.18854 -0.57211 -1.14945 -0.951846
-0.613455 -0.264206 0.648596 -0.456394 1.29062 -0.612349 -1.09152 -0.777003
-0.595568 -0.285938 0.727635 -0.41346 1.40388 -0.83758 -0.959425 -0.674696
-0.572809 -0.293631 0.791931 -0.411786 1.27697 -0.87462 -0.999229 -0.627003
-0.528784 -0.267097 0.731353 -0.38098 1.43006 -0.779337 -1.09874 -0.583241
-0.546691 -0.306726 0.726401 -0.462175 1.31027 -0.76746 -1.03824 -0.673574
-0.50159 -0.294831 0.789628 -0.388819 1.37634 -0.910931 -1.04566 -0.527955
-0.507097 -0.299295 0.694197 -0.396855 1.46826 -0.805061 -1.03859 -0.562862
-0.565283 -0.287272 0.655542 -0.423655 1.34973 -0.762078 -1.08911 -0.728891
-0.539618 -0.287184 0.750475 -0.425422 1.3343 -0.821179 -1.04809 -0.622548
-0.475024 -0.365874 0.761816 -0.452996 1.37015 -0.974743 -0.941194 -0.525521
-0.516536 -0.262734 0.643462 -0.389063 1.39387 -0.846295 -1.20225 -0.740511
-0.433843 -0.332541 0.732398 -0.418272 1.60531 -1.1794 -0.975625 -0.586415
-0.494491 -0.276431 0.641641 -0.357305 1.54825 -1.14896 -1.11891 -0.799254
-0.3973 -0.355693 0.6515 -0.467728 1.39143 -1.1948 -1.02572 -0.688461
-0.401616 0.311702 0.668725 0.44223 1.43947 1.36127 -1.02455 0.742266
-0.446186 0.291596 0.64833 0.368292 1.46173 1.40349 -1.06901 0.830595
-0.429327 0.406621 0.495428 0.444089 1.35922 1.14495 -1.01847 0.904106
-0.374915 0.318701 0.699299 0.459892 1.34595 1.34444 -1.04492 0.714274
-0.431392 0.340717 0.617856 0.45196 1.23484 1.48131 -0.952332 0.959019
-0.536195 0.412119 0.450023 0.500118 1.01107 1.0752 -0.90475 1.34938
-0.470399 0.453163 0.433538 0.542156 1.04705 1.03249 -0.937563 1.19125
-0.516713 0.47764 0.448359 0.620214 0.908876 1.05372 -0.696944 1.23526
-0.501879 0.425867 0.41957 0.470512 1.23695 0.994276 -0.983734 1.07941
-0.485375 0.429366 0.575449 0.566284 0.844026 1.15979 -0.837453 1.09669
-0.467611 0.456601 0.512719 0.452027 1.28486 1.01255 -0.932445 0.795998
-0.391309 0.574407 0.733971 0.708772 0.609877 1.21668 -0.668801 0.796116
-0.61266 0.612424 0.899382 0.851211 0.151485 0.676186 -0.318331 1.24347
-0.519404 0.456827 1.17547 0.978162 0.497106 0.518787 -0.886957 0.929784
-0.396138 0.686514 0.981888 1.19096 0.500468 0.606514 -0.696132 0.706036
0.291025 0.605158 0.863562 0.850873 -0.643308 0.451155 -0.283467 1.51917
-0.226556 -0.729528 0.31353 -1.03379 -0.700414 -0.634987 0.8804 -0.781093
0.033465 0.367718 0.892888 0.621767 -0.722796 0.543345 -0.39583 2.53394
0.371077 0.596976 0.817077 0.825208 -0.65586 0.412959 -0.611274 1.65448
0.245676 0.397698 1.04499 0.731174 -0.683966 0.475445 -0.810691 1.75009
0.221231 0.405503 0.990049 0.668917 -0.703975 0.418207 -0.67714 2.30254
0.0435925 0.260124 0.926499 0.544503 -0.812766 0.437936 0.0866932 3.79334
0.00430706 0.413859 0.811201 0.474571 -0.688325 0.462448 -0.79757 3.48138
0.127655 0.402975 0.989863 0.620039 -0.67449 0.522559 -1.35398 2.0556
-0.327102 0.455156 1.35116 0.512122 -0.940882 -0.159418 1.31678 -0.415881
0.335884 -0.862345 0.467764 -0.0943406 -0.275137 -0.950935 -2.14153 -0.264509
1.31678 -0.415881 -0.327102 0.455158 -0.940882 -0.159418 1.35116 0.512122
1.49666 -0.440199 0.082907 0.918435 -1.44727 0.193363 0.342605 0.000599013
-0.0533987 -0.520304 0.523052 -0.109156 -1.88817 -0.336273 0.23805 -1.78704
0.218749 -0.208755 -0.694329 -0.275412 -2.77826 -1.31967 1.26255 -0.0668278
-0.327102 0.455158 -0.940882 -0.159418 1.31678 -0.415881 1.35116 0.512122
0.34149 -0.137595 -0.556845 -0.500184 0.994819 0.179735 -3.02666 1.59195
0.34571 0.00251502 -0.834767 -0.319752 1.04467 -0.399709 -2.89248 0.0219078
1.31678 -0.415881 -0.940882 -0.159418 1.35116 0.512122 -0.327102 0.455158
1.04467 -0.399705 -0.834767 -0.319752 0.345724 0.0025109 -2.89248 0.0219078
-0.294879 -0.471138 -0.903622 0.689189 0.715571 0.756889 1.47507 -1.38044
-0.294897 -0.471151 -0.903622 0.689189 0.715571 0.756889 1.47507 -1.38044
-0.294897 -0.471151 -0.903622 0.689189 0.715571 0.756889 1.47507 -1.38044
-0.294897 -0.471151 -0.903622 0.689189 0.715571 0.756889 1.47507 -1.38044
-0.294897 -0.471151 -0.903622 0.689189 0.715571 0.756889 1.47507 -1.38044
-0.294897 -0.471151 -0.903622 0.689189 0.715571 0.756889 1.47507 -1.38044
-0.294897 -0.471151 -0.903622 0.689189 0.715571 0.756889 1.47507 -1.38044
-0.294897 -0.471151 -0.903622 0.689189 0.715571 0.756889 1.47507 -1.38044
-0.294897 -0.471151 -0.903622 0.689189 0.715571 0.756889 1.47507 -1.38044
-0.294897 -0.471151 -0.903622 0.689189 0.715571 0.756889 1.47507 -1.38044
